                      

1    ,                   2    ,
       ,                       , ,
                               - 842001
-30,              ,

     ,

,       - 800016

(    ) )

3    ,                   4   ,
                               .35,    ,
   ,

, ,                      ,            ,

                          - 431 003

5    ,                   6    ,
    ,    ,                      ,
                               , ,
  6,                  ,        -124 001

 ,          ,

    -440 022             (            )
7    ,
                         8   ,
 ,                              2-1-520,  ,
  ,                              ,
,                              .9,
   ,                           , , ,
                               - 500 044
 - 392 001
                         10     ,
9    ,

 , 9,                    -1,  ,                ,

,                          -229001

 - 342 003 (         )

11   ,                   12   ,

 .10,  ,  ,              18-  ,          ,

,              ,         

 - 676 505

13  ..  ,                14   ,
                               ,
 ,                             20,   ,

  -II, 

  - 244001                - 570017 (        )

15   ,                   16    ,
      :  ,                     ,  ,
      ,                       4-1, ,

     ,                    -522 002 ( )

 () - 799

005

(    ) )
17    ,                             18    ,
           ,                                 :  ,
                                            - 781 005
     . 111,         ,                      ( )
                                           ( )
     - 580 008 (          )
                                    20   ,
19         ,                                 :
                                           ,
    6,  , ,

     - 636007 (        )

                                     - 144 601.( )

                                    (       ) )

21   .                              22  ,
            ,
           - 470001                 -2/46,  ,

                                     ,

                                    -226010

23     ,                            24   ,
           .2-5-8/1,  ,                     ,
           - 506001,                       17,  ,
                                            - 517 001 
     (  ), (                    )

25    ,                             26    ,
                                           43,    ,
     , ( ),  - 

     -175001 (               )      ,            ,

    (            )                  -452016 (  )

27    ,                             28    .
                                           ,
    441,   ,                                - 516 003

    ,

     - 605 003

29   ,                              30    

     -2,  ,                           ,

             ,                         , ,
           ,  - 360 001,
                                     - 711101 (         )
31     ,
            - 2343,  ,              32   ,
                                           

        ,                        ,  +                  9, , 

    -305004                         ,
                                    ,  795001

                                    (       ) )

33    ,                             34      ,
          ,  ,
           , -492013                     ,

                                    , (                 )

                                    180006
35                     36    , 

                       ,   - 796001

     ,  ,  

    () , , ,  

     190005

37     ,               38   , .
                               ,
                                  ,

     ,  ,

     ,       - 793001   -767001 (  )

39    ,  . 40    ,

     , (   )           
     -34, , ,           ,  736101
      - 742101

41   
          (    )
